82
0 1 1 2 2 3 0 4 2 5 1 6 0 7 4 8 4 9 2 10 2 11 5 12 12 13 2 14 10 15 14 16 12 17 10 18 9 19 14 20 15 21 19 22 20 23 15 24 15 25 20 26 21 27 14 28 25 29 9 30 7 31 10 32 31 33 6 34 30 35 7 36 20 37 21 38 17 39 23 40 32 41 9 42 30 43 6 44 35 45 7 46 28 47 12 48 23 49 38 50 48 51 43 52 24 53 0 54 10 55 49 56 49 57 32 58 12 59 23 60 40 61 5 62 60 63 43 64 39 65 44 66 60 67 12 68 48 69 14 70 66 71 2 72 66 73 6 74 5 75 48 76 29 77 33 78 34 79 68 80 20 81 
8
0 1 0 2 0 3 2 4 2 5 5 6 3 7 
23
0 1 1 2 0 3 0 4 0 5 2 6 0 7 0 8 2 9 9 10 8 11 5 12 12 13 7 14 3 15 3 16 13 17 14 18 5 19 7 20 7 21 5 22 
87
0 1 1 2 0 3 2 4 3 5 1 6 0 7 4 8 0 9 9 10 1 11 7 12 6 13 10 14 7 15 5 16 12 17 14 18 12 19 16 20 2 21 17 22 22 23 15 24 9 25 8 26 16 27 14 28 23 29 5 30 4 31 30 32 16 33 28 34 7 35 30 36 27 37 4 38 0 39 38 40 37 41 41 42 18 43 24 44 5 45 1 46 5 47 32 48 24 49 24 50 21 51 17 52 14 53 27 54 33 55 40 56 42 57 14 58 13 59 6 60 31 61 1 62 24 63 1 64 44 65 5 66 60 67 8 68 55 69 48 70 65 71 21 72 18 73 64 74 63 75 64 76 48 77 31 78 58 79 60 80 4 81 12 82 67 83 4 84 14 85 46 86 
89
0 1 0 2 0 3 3 4 0 5 0 6 6 7 5 8 8 9 9 10 3 11 7 12 10 13 13 14 0 15 3 16 1 17 6 18 2 19 6 20 9 21 0 22 17 23 0 24 8 25 17 26 18 27 22 28 9 29 23 30 15 31 7 32 30 33 2 34 3 35 26 36 7 37 12 38 17 39 7 40 35 41 24 42 32 43 38 44 3 45 21 46 20 47 1 48 14 49 2 50 50 51 29 52 9 53 25 54 7 55 49 56 49 57 5 58 9 59 32 60 25 61 29 62 18 63 28 64 37 65 39 66 65 67 53 68 18 69 30 70 46 71 3 72 71 73 54 74 17 75 38 76 27 77 21 78 15 79 75 80 73 81 63 82 12 83 4 84 65 85 32 86 67 87 37 88 
98
0 1 1 2 2 3 1 4 4 5 2 6 5 7 1 8 7 9 1 10 2 11 0 12 4 13 3 14 3 15 5 16 15 17 3 18 18 19 5 20 20 21 3 22 15 23 8 24 8 25 23 26 8 27 8 28 22 29 15 30 5 31 7 32 12 33 4 34 12 35 4 36 8 37 24 38 27 39 7 40 39 41 17 42 37 43 4 44 21 45 36 46 41 47 7 48 27 49 14 50 25 51 16 52 7 53 19 54 23 55 15 56 46 57 10 58 34 59 8 60 11 61 40 62 0 63 58 64 28 65 2 66 16 67 57 68 7 69 49 70 42 71 60 72 7 73 72 74 43 75 21 76 1 77 18 78 53 79 50 80 48 81 24 82 42 83 0 84 38 85 2 86 68 87 39 88 77 89 87 90 55 91 66 92 27 93 77 94 85 95 92 96 14 97 
29
0 1 1 2 2 3 2 4 0 5 3 6 4 7 0 8 0 9 9 10 6 11 10 12 6 13 7 14 8 15 13 16 6 17 11 18 9 19 9 20 3 21 5 22 17 23 9 24 15 25 19 26 22 27 27 28 
41
0 1 1 2 0 3 0 4 4 5 4 6 4 7 5 8 6 9 4 10 2 11 8 12 0 13 6 14 2 15 12 16 11 17 6 18 14 19 16 20 18 21 7 22 20 23 10 24 20 25 16 26 17 27 14 28 25 29 13 30 4 31 26 32 10 33 24 34 30 35 10 36 6 37 35 38 27 39 36 40 
18
0 1 0 2 1 3 2 4 4 5 5 6 0 7 3 8 0 9 6 10 0 11 6 12 10 13 0 14 2 15 11 16 8 17 
76
0 1 0 2 1 3 2 4 2 5 0 6 5 7 1 8 3 9 3 10 9 11 11 12 8 13 7 14 12 15 15 16 14 17 12 18 2 19 12 20 18 21 7 22 21 23 23 24 6 25 1 26 11 27 26 28 20 29 21 30 16 31 18 32 32 33 20 34 16 35 12 36 36 37 28 38 22 39 6 40 5 41 35 42 24 43 17 44 28 45 35 46 34 47 21 48 30 49 23 50 12 51 21 52 38 53 31 54 37 55 46 56 5 57 38 58 46 59 55 60 35 61 12 62 17 63 55 64 42 65 0 66 29 67 45 68 7 69 7 70 11 71 29 72 29 73 66 74 8 75 
11
0 1 0 2 0 3 1 4 4 5 0 6 6 7 4 8 4 9 0 10 
91
0 1 1 2 1 3 2 4 1 5 3 6 0 7 7 8 1 9 2 10 3 11 4 12 2 13 4 14 4 15 14 16 13 17 16 18 13 19 15 20 0 21 3 22 4 23 6 24 14 25 10 26 13 27 26 28 5 29 17 30 27 31 2 32 25 33 15 34 5 35 10 36 32 37 4 38 21 39 11 40 16 41 19 42 8 43 16 44 18 45 13 46 38 47 43 48 18 49 45 50 34 51 9 52 34 53 9 54 23 55 21 56 50 57 24 58 0 59 39 60 18 61 60 62 43 63 5 64 3 65 18 66 13 67 19 68 35 69 43 70 63 71 22 72 22 73 10 74 10 75 24 76 15 77 31 78 31 79 33 80 71 81 7 82 46 83 3 84 4 85 78 86 5 87 46 88 11 89 24 90 
54
0 1 0 2 2 3 2 4 0 5 4 6 4 7 6 8 6 9 3 10 8 11 11 12 9 13 3 14 13 15 13 16 8 17 1 18 0 19 2 20 12 21 14 22 4 23 3 24 8 25 17 26 4 27 14 28 25 29 16 30 13 31 18 32 4 33 13 34 0 35 27 36 16 37 23 38 7 39 22 40 39 41 37 42 6 43 18 44 27 45 21 46 44 47 45 48 10 49 46 50 10 51 38 52 19 53 
50
0 1 0 2 1 3 1 4 1 5 1 6 2 7 5 8 4 9 9 10 8 11 7 12 7 13 12 14 2 15 5 16 16 17 15 18 10 19 14 20 16 21 13 22 18 23 2 24 1 25 15 26 23 27 13 28 13 29 22 30 19 31 18 32 14 33 22 34 33 35 0 36 28 37 17 38 25 39 26 40 1 41 17 42 28 43 43 44 27 45 33 46 43 47 40 48 40 49 
41
0 1 1 2 0 3 3 4 0 5 4 6 0 7 2 8 0 9 3 10 3 11 7 12 7 13 10 14 14 15 5 16 13 17 14 18 13 19 7 20 2 21 4 22 10 23 23 24 4 25 12 26 11 27 2 28 15 29 11 30 27 31 14 32 26 33 6 34 22 35 13 36 35 37 9 38 32 39 24 40 
3
0 1 1 2 
92
0 1 1 2 0 3 2 4 1 5 2 6 5 7 0 8 7 9 0 10 4 11 7 12 6 13 4 14 9 15 2 16 2 17 12 18 3 19 9 20 0 21 15 22 18 23 17 24 23 25 17 26 0 27 6 28 22 29 28 30 27 31 28 32 0 33 4 34 23 35 19 36 21 37 34 38 33 39 12 40 9 41 4 42 12 43 28 44 20 45 10 46 42 47 27 48 12 49 28 50 39 51 45 52 50 53 18 54 53 55 47 56 49 57 27 58 19 59 59 60 9 61 59 62 8 63 61 64 59 65 17 66 20 67 0 68 43 69 59 70 3 71 62 72 31 73 34 74 66 75 16 76 19 77 57 78 48 79 73 80 26 81 41 82 0 83 55 84 2 85 84 86 40 87 81 88 80 89 56 90 18 91 
95
0 1 0 2 1 3 0 4 1 5 5 6 3 7 7 8 1 9 1 10 2 11 8 12 7 13 11 14 8 15 0 16 1 17 8 18 16 19 16 20 20 21 1 22 20 23 13 24 8 25 9 26 15 27 22 28 6 29 0 30 20 31 16 32 12 33 26 34 14 35 2 36 23 37 5 38 3 39 18 40 37 41 24 42 38 43 28 44 17 45 16 46 13 47 34 48 30 49 13 50 9 51 34 52 15 53 19 54 52 55 35 56 4 57 21 58 44 59 24 60 6 61 33 62 0 63 58 64 60 65 22 66 29 67 65 68 34 69 48 70 7 71 34 72 47 73 41 74 63 75 7 76 17 77 68 78 61 79 66 80 67 81 76 82 13 83 75 84 52 85 41 86 70 87 0 88 57 89 41 90 77 91 23 92 66 93 82 94 
67
0 1 0 2 0 3 3 4 4 5 3 6 1 7 5 8 7 9 3 10 1 11 5 12 4 13 11 14 11 15 12 16 8 17 3 18 17 19 3 20 8 21 5 22 18 23 17 24 18 25 10 26 19 27 19 28 19 29 26 30 15 31 19 32 13 33 12 34 25 35 19 36 10 37 36 38 27 39 28 40 24 41 2 42 5 43 41 44 37 45 0 46 15 47 46 48 48 49 12 50 26 51 48 52 28 53 13 54 35 55 17 56 13 57 25 58 3 59 13 60 45 61 61 62 50 63 23 64 39 65 52 66 
75
0 1 0 2 2 3 3 4 1 5 2 6 6 7 6 8 4 9 7 10 2 11 8 12 0 13 5 14 2 15 12 16 5 17 14 18 4 19 10 20 12 21 16 22 9 23 23 24 19 25 6 26 10 27 6 28 9 29 29 30 15 31 17 32 1 33 10 34 20 35 24 36 5 37 32 38 36 39 14 40 37 41 17 42 5 43 14 44 6 45 21 46 29 47 19 48 15 49 0 50 8 51 5 52 39 53 22 54 49 55 44 56 45 57 35 58 23 59 15 60 33 61 21 62 32 63 59 64 41 65 62 66 62 67 28 68 22 69 56 70 69 71 46 72 41 73 26 74 
57
0 1 1 2 2 3 2 4 0 5 0 6 2 7 4 8 4 9 8 10 6 11 7 12 10 13 4 14 6 15 0 16 10 17 13 18 18 19 4 20 19 21 6 22 10 23 9 24 23 25 2 26 22 27 10 28 8 29 0 30 21 31 30 32 30 33 9 34 21 35 33 36 1 37 25 38 26 39 22 40 33 41 26 42 4 43 8 44 2 45 35 46 1 47 12 48 15 49 8 50 2 51 21 52 32 53 4 54 8 55 21 56 
31
0 1 1 2 1 3 1 4 3 5 5 6 5 7 7 8 3 9 4 10 0 11 11 12 11 13 11 14 1 15 12 16 1 17 3 18 17 19 5 20 8 21 7 22 18 23 0 24 19 25 8 26 8 27 8 28 23 29 7 30 
16
0 1 1 2 2 3 1 4 3 5 2 6 0 7 6 8 3 9 3 10 6 11 2 12 4 13 7 14 8 15 
37
0 1 0 2 1 3 1 4 4 5 5 6 4 7 3 8 2 9 1 10 9 11 7 12 7 13 1 14 8 15 6 16 5 17 15 18 6 19 13 20 6 21 21 22 1 23 18 24 3 25 20 26 22 27 2 28 22 29 6 30 16 31 25 32 0 33 25 34 32 35 9 36 
97
0 1 1 2 1 3 3 4 3 5 1 6 5 7 2 8 6 9 8 10 10 11 4 12 4 13 10 14 4 15 5 16 0 17 6 18 17 19 2 20 1 21 16 22 5 23 17 24 3 25 19 26 12 27 5 28 0 29 0 30 10 31 14 32 17 33 21 34 20 35 30 36 27 37 3 38 0 39 10 40 20 41 22 42 9 43 4 44 15 45 40 46 28 47 22 48 2 49 16 50 7 51 11 52 19 53 2 54 23 55 48 56 16 57 1 58 30 59 57 60 55 61 7 62 34 63 25 64 59 65 40 66 17 67 41 68 22 69 58 70 58 71 0 72 29 73 52 74 63 75 19 76 32 77 10 78 13 79 40 80 79 81 50 82 57 83 24 84 25 85 75 86 76 87 71 88 50 89 52 90 12 91 9 92 10 93 63 94 64 95 34 96 
28
0 1 0 2 0 3 2 4 4 5 1 6 6 7 5 8 2 9 6 10 5 11 6 12 5 13 9 14 3 15 7 16 6 17 1 18 12 19 19 20 15 21 8 22 7 23 22 24 1 25 1 26 0 27 
68
0 1 0 2 0 3 3 4 4 5 4 6 3 7 5 8 6 9 5 10 8 11 2 12 1 13 6 14 3 15 4 16 0 17 7 18 14 19 2 20 4 21 15 22 9 23 7 24 10 25 3 26 9 27 14 28 18 29 22 30 7 31 4 32 15 33 25 34 16 35 32 36 2 37 33 38 8 39 5 40 26 41 1 42 3 43 3 44 22 45 34 46 44 47 23 48 9 49 6 50 33 51 2 52 33 53 50 54 17 55 15 56 23 57 30 58 58 59 38 60 24 61 22 62 23 63 45 64 25 65 53 66 45 67 
25
0 1 0 2 2 3 3 4 3 5 3 6 2 7 2 8 0 9 3 10 1 11 9 12 10 13 4 14 0 15 0 16 13 17 5 18 11 19 19 20 14 21 0 22 17 23 10 24 
55
0 1 0 2 0 3 1 4 0 5 1 6 0 7 6 8 4 9 9 10 8 11 3 12 1 13 11 14 9 15 1 16 2 17 7 18 8 19 11 20 5 21 3 22 21 23 2 24 6 25 23 26 14 27 7 28 23 29 22 30 16 31 4 32 20 33 0 34 20 35 30 36 2 37 11 38 24 39 37 40 10 41 15 42 15 43 19 44 1 45 8 46 22 47 12 48 45 49 25 50 24 51 3 52 5 53 37 54 
98
0 1 0 2 2 3 2 4 4 5 0 6 6 7 2 8 3 9 9 10 2 11 0 12 12 13 10 14 0 15 11 16 5 17 1 18 3 19 16 20 19 21 0 22 10 23 20 24 23 25 1 26 2 27 9 28 28 29 28 30 5 31 10 32 22 33 8 34 22 35 19 36 31 37 17 38 18 39 29 40 26 41 21 42 41 43 37 44 41 45 28 46 2 47 14 48 24 49 44 50 39 51 22 52 22 53 31 54 41 55 18 56 34 57 17 58 56 59 0 60 8 61 7 62 27 63 4 64 8 65 45 66 43 67 4 68 14 69 35 70 5 71 21 72 20 73 20 74 17 75 43 76 58 77 64 78 42 79 4 80 49 81 68 82 13 83 22 84 62 85 24 86 18 87 76 88 88 89 73 90 22 91 90 92 69 93 28 94 17 95 62 96 94 97 
19
0 1 0 2 0 3 0 4 1 5 1 6 3 7 3 8 8 9 7 10 2 11 6 12 5 13 2 14 9 15 10 16 1 17 0 18 
23
0 1 0 2 0 3 2 4 3 5 2 6 1 7 5 8 6 9 5 10 2 11 3 12 1 13 4 14 3 15 4 16 9 17 11 18 4 19 18 20 19 21 9 22 
85
0 1 1 2 0 3 1 4 2 5 0 6 6 7 3 8 2 9 2 10 0 11 4 12 9 13 12 14 4 15 9 16 9 17 2 18 17 19 14 20 8 21 6 22 11 23 23 24 7 25 13 26 25 27 24 28 9 29 19 30 8 31 9 32 19 33 12 34 4 35 27 36 1 37 37 38 3 39 16 40 13 41 35 42 4 43 20 44 13 45 33 46 5 47 1 48 44 49 41 50 16 51 11 52 2 53 36 54 38 55 34 56 54 57 54 58 35 59 14 60 42 61 5 62 16 63 32 64 15 65 45 66 52 67 10 68 31 69 69 70 36 71 10 72 35 73 23 74 61 75 31 76 16 77 70 78 74 79 38 80 33 81 0 82 64 83 21 84 
29
0 1 1 2 0 3 2 4 3 5 4 6 1 7 5 8 0 9 3 10 0 11 11 12 7 13 3 14 13 15 4 16 9 17 2 18 18 19 9 20 10 21 15 22 8 23 15 24 22 25 13 26 1 27 2 28 
49
0 1 0 2 1 3 1 4 1 5 5 6 3 7 3 8 3 9 2 10 1 11 4 12 6 13 4 14 2 15 8 16 11 17 13 18 13 19 14 20 3 21 5 22 5 23 5 24 3 25 24 26 14 27 11 28 19 29 23 30 25 31 19 32 24 33 10 34 23 35 32 36 4 37 26 38 9 39 30 40 6 41 41 42 23 43 37 44 15 45 6 46 12 47 11 48 
99
0 1 1 2 2 3 3 4 1 5 4 6 3 7 3 8 4 9 4 10 7 11 10 12 12 13 11 14 14 15 13 16 11 17 8 18 4 19 12 20 6 21 19 22 13 23 23 24 8 25 10 26 21 27 10 28 10 29 27 30 26 31 7 32 10 33 14 34 19 35 11 36 23 37 21 38 1 39 14 40 15 41 31 42 10 43 36 44 43 45 38 46 24 47 19 48 16 49 20 50 38 51 46 52 33 53 35 54 29 55 47 56 52 57 21 58 44 59 45 60 17 61 20 62 28 63 44 64 0 65 64 66 48 67 37 68 1 69 39 70 17 71 62 72 67 73 35 74 46 75 53 76 75 77 72 78 33 79 73 80 78 81 51 82 16 83 72 84 52 85 50 86 58 87 32 88 45 89 56 90 38 91 81 92 87 93 5 94 57 95 89 96 88 97 4 98 
39
0 1 1 2 1 3 0 4 0 5 0 6 0 7 1 8 0 9 7 10 8 11 11 12 3 13 3 14 11 15 11 16 4 17 13 18 10 19 16 20 2 21 15 22 12 23 18 24 14 25 3 26 6 27 2 28 11 29 18 30 29 31 17 32 11 33 29 34 2 35 3 36 35 37 35 38 
5
0 1 0 2 0 3 3 4 
12
0 1 0 2 2 3 2 4 1 5 1 6 3 7 7 8 5 9 3 10 0 11 
20
0 1 0 2 0 3 3 4 3 5 4 6 3 7 4 8 5 9 1 10 6 11 6 12 9 13 7 14 5 15 0 16 2 17 3 18 11 19 
48
0 1 1 2 0 3 2 4 1 5 2 6 1 7 4 8 3 9 4 10 2 11 2 12 10 13 2 14 2 15 1 16 2 17 2 18 17 19 4 20 14 21 6 22 13 23 13 24 14 25 12 26 24 27 11 28 26 29 29 30 9 31 30 32 30 33 14 34 28 35 25 36 7 37 13 38 15 39 2 40 4 41 30 42 28 43 20 44 21 45 43 46 27 47 
57
0 1 0 2 2 3 1 4 3 5 5 6 2 7 5 8 8 9 7 10 2 11 6 12 10 13 13 14 4 15 9 16 15 17 6 18 1 19 11 20 19 21 21 22 13 23 16 24 3 25 7 26 22 27 27 28 1 29 7 30 20 31 19 32 0 33 22 34 10 35 1 36 14 37 27 38 18 39 28 40 23 41 19 42 30 43 19 44 33 45 34 46 23 47 17 48 0 49 11 50 50 51 31 52 2 53 0 54 18 55 3 56 
28
0 1 0 2 0 3 1 4 3 5 3 6 6 7 6 8 3 9 4 10 0 11 1 12 9 13 2 14 7 15 4 16 4 17 1 18 5 19 18 20 12 21 19 22 9 23 17 24 8 25 9 26 11 27 
50
0 1 1 2 0 3 3 4 3 5 1 6 5 7 1 8 8 9 9 10 4 11 11 12 0 13 8 14 0 15 13 16 5 17 8 18 18 19 17 20 16 21 3 22 6 23 21 24 6 25 10 26 5 27 21 28 26 29 5 30 22 31 7 32 31 33 30 34 26 35 4 36 14 37 30 38 28 39 16 40 19 41 1 42 23 43 28 44 27 45 10 46 46 47 17 48 43 49 
11
0 1 0 2 0 3 2 4 1 5 5 6 4 7 1 8 7 9 7 10 
41
0 1 0 2 2 3 3 4 3 5 1 6 1 7 2 8 0 9 1 10 9 11 8 12 3 13 6 14 8 15 15 16 13 17 11 18 18 19 9 20 14 21 9 22 14 23 14 24 1 25 3 26 8 27 3 28 19 29 24 30 24 31 9 32 14 33 33 34 20 35 2 36 1 37 0 38 28 39 20 40 
92
0 1 0 2 2 3 1 4 1 5 5 6 4 7 5 8 5 9 6 10 1 11 10 12 7 13 1 14 4 15 14 16 15 17 6 18 10 19 4 20 12 21 14 22 14 23 17 24 8 25 20 26 14 27 7 28 27 29 4 30 9 31 7 32 18 33 5 34 34 35 25 36 17 37 18 38 25 39 29 40 40 41 25 42 5 43 37 44 43 45 1 46 32 47 18 48 21 49 4 50 1 51 14 52 46 53 38 54 34 55 29 56 15 57 41 58 6 59 49 60 55 61 7 62 53 63 63 64 17 65 27 66 65 67 46 68 62 69 61 70 8 71 12 72 24 73 64 74 11 75 25 76 62 77 21 78 77 79 2 80 54 81 18 82 19 83 24 84 30 85 34 86 1 87 35 88 39 89 10 90 30 91 
35
0 1 0 2 2 3 1 4 2 5 4 6 1 7 5 8 7 9 8 10 5 11 3 12 11 13 9 14 13 15 5 16 8 17 6 18 17 19 14 20 13 21 8 22 3 23 8 24 23 25 13 26 14 27 19 28 8 29 1 30 17 31 17 32 0 33 32 34 
87
0 1 0 2 1 3 3 4 2 5 2 6 1 7 1 8 2 9 2 10 1 11 3 12 11 13 7 14 6 15 7 16 1 17 5 18 12 19 0 20 0 21 19 22 19 23 22 24 22 25 1 26 14 27 15 28 1 29 5 30 16 31 9 32 21 33 10 34 25 35 15 36 29 37 27 38 5 39 9 40 39 41 28 42 31 43 42 44 37 45 22 46 3 47 43 48 28 49 43 50 22 51 38 52 40 53 18 54 19 55 12 56 47 57 11 58 46 59 36 60 47 61 12 62 32 63 42 64 21 65 8 66 59 67 1 68 29 69 68 70 1 71 45 72 16 73 32 74 60 75 16 76 35 77 56 78 68 79 39 80 23 81 8 82 22 83 65 84 6 85 75 86 
6
0 1 0 2 2 3 2 4 0 5 
4
0 1 1 2 2 3 
31
0 1 1 2 2 3 3 4 3 5 2 6 2 7 2 8 0 9 6 10 10 11 9 12 2 13 11 14 11 15 13 16 15 17 5 18 3 19 15 20 3 21 17 22 16 23 12 24 0 25 14 26 14 27 22 28 25 29 22 30 
69
0 1 1 2 2 3 3 4 2 5 2 6 4 7 2 8 0 9 3 10 10 11 7 12 6 13 8 14 7 15 3 16 11 17 11 18 18 19 8 20 2 21 6 22 0 23 12 24 24 25 16 26 17 27 20 28 20 29 12 30 28 31 23 32 3 33 10 34 8 35 12 36 20 37 36 38 37 39 3 40 33 41 1 42 0 43 36 44 36 45 2 46 9 47 7 48 12 49 40 50 30 51 15 52 49 53 45 54 44 55 39 56 56 57 0 58 32 59 22 60 5 61 44 62 24 63 38 64 42 65 20 66 7 67 48 68 
39
0 1 0 2 2 3 0 4 4 5 3 6 3 7 4 8 8 9 3 10 5 11 11 12 3 13 12 14 11 15 8 16 8 17 4 18 0 19 2 20 18 21 2 22 5 23 0 24 16 25 9 26 12 27 20 28 26 29 17 30 20 31 22 32 22 33 25 34 24 35 10 36 3 37 19 38 
11
0 1 1 2 0 3 3 4 4 5 0 6 0 7 0 8 1 9 8 10 
29
0 1 0 2 0 3 1 4 4 5 3 6 6 7 3 8 8 9 3 10 1 11 5 12 7 13 4 14 10 15 7 16 8 17 13 18 7 19 15 20 19 21 19 22 17 23 19 24 15 25 21 26 21 27 20 28 
93
0 1 0 2 0 3 3 4 0 5 3 6 6 7 2 8 5 9 7 10 1 11 3 12 8 13 4 14 2 15 12 16 7 17 16 18 10 19 8 20 15 21 2 22 4 23 2 24 17 25 3 26 25 27 22 28 20 29 21 30 14 31 5 32 16 33 33 34 15 35 17 36 13 37 15 38 37 39 10 40 17 41 31 42 35 43 40 44 2 45 4 46 5 47 17 48 18 49 44 50 31 51 12 52 9 53 29 54 11 55 27 56 17 57 2 58 8 59 38 60 42 61 24 62 52 63 3 64 64 65 1 66 9 67 43 68 16 69 37 70 28 71 65 72 20 73 70 74 2 75 70 76 53 77 7 78 57 79 20 80 11 81 11 82 43 83 7 84 69 85 3 86 65 87 47 88 46 89 89 90 53 91 45 92 
52
0 1 0 2 2 3 0 4 1 5 4 6 2 7 6 8 5 9 7 10 3 11 6 12 9 13 5 14 6 15 6 16 10 17 7 18 3 19 0 20 16 21 14 22 7 23 17 24 22 25 5 26 10 27 11 28 7 29 22 30 7 31 4 32 24 33 7 34 15 35 4 36 11 37 36 38 19 39 7 40 18 41 21 42 5 43 12 44 39 45 25 46 23 47 30 48 15 49 37 50 31 51 
37
0 1 0 2 2 3 3 4 2 5 1 6 1 7 5 8 8 9 3 10 1 11 3 12 8 13 7 14 1 15 14 16 13 17 10 18 11 19 6 20 11 21 18 22 11 23 12 24 9 25 0 26 6 27 26 28 2 29 8 30 14 31 4 32 2 33 3 34 34 35 23 36 
97
0 1 0 2 0 3 3 4 1 5 4 6 5 7 6 8 7 9 1 10 1 11 6 12 9 13 4 14 11 15 13 16 8 17 10 18 16 19 17 20 1 21 21 22 22 23 19 24 15 25 3 26 7 27 27 28 22 29 13 30 28 31 21 32 20 33 6 34 31 35 0 36 0 37 7 38 6 39 33 40 25 41 16 42 25 43 38 44 5 45 14 46 42 47 30 48 36 49 18 50 17 51 33 52 42 53 38 54 29 55 10 56 39 57 40 58 13 59 13 60 52 61 41 62 4 63 14 64 33 65 4 66 33 67 15 68 31 69 60 70 6 71 49 72 29 73 61 74 67 75 40 76 47 77 19 78 58 79 16 80 52 81 59 82 66 83 68 84 44 85 63 86 57 87 2 88 87 89 16 90 49 91 52 92 53 93 41 94 71 95 60 96 
24
0 1 1 2 1 3 0 4 1 5 0 6 4 7 6 8 1 9 9 10 0 11 10 12 5 13 1 14 8 15 15 16 8 17 14 18 9 19 1 20 14 21 19 22 0 23 
42
0 1 0 2 1 3 1 4 3 5 5 6 2 7 0 8 6 9 9 10 8 11 9 12 8 13 8 14 9 15 2 16 1 17 8 18 3 19 9 20 3 21 18 22 4 23 22 24 15 25 15 26 18 27 13 28 11 29 10 30 10 31 4 32 8 33 5 34 33 35 9 36 33 37 0 38 15 39 26 40 38 41 
36
0 1 1 2 0 3 2 4 3 5 3 6 1 7 6 8 1 9 0 10 10 11 9 12 11 13 9 14 11 15 9 16 12 17 9 18 11 19 0 20 9 21 2 22 18 23 15 24 3 25 13 26 5 27 0 28 26 29 21 30 11 31 14 32 18 33 12 34 29 35 
35
0 1 1 2 2 3 3 4 0 5 2 6 6 7 4 8 4 9 5 10 10 11 6 12 0 13 3 14 12 15 9 16 15 17 0 18 14 19 3 20 2 21 14 22 8 23 9 24 12 25 6 26 17 27 15 28 7 29 10 30 29 31 23 32 26 33 19 34 
95
0 1 1 2 1 3 1 4 3 5 0 6 4 7 2 8 6 9 1 10 2 11 4 12 12 13 3 14 9 15 12 16 11 17 10 18 1 19 7 20 1 21 12 22 17 23 5 24 12 25 3 26 20 27 10 28 15 29 6 30 15 31 20 32 13 33 33 34 17 35 19 36 16 37 12 38 8 39 30 40 2 41 33 42 1 43 40 44 35 45 22 46 22 47 42 48 41 49 7 50 27 51 26 52 41 53 29 54 38 55 47 56 5 57 20 58 8 59 12 60 44 61 4 62 48 63 27 64 59 65 64 66 6 67 28 68 46 69 33 70 14 71 69 72 33 73 28 74 45 75 16 76 38 77 33 78 31 79 75 80 67 81 68 82 72 83 7 84 56 85 39 86 34 87 21 88 73 89 68 90 84 91 4 92 34 93 48 94 
45
0 1 0 2 0 3 3 4 4 5 2 6 5 7 7 8 1 9 7 10 3 11 0 12 7 13 10 14 12 15 15 16 11 17 1 18 16 19 16 20 10 21 20 22 16 23 22 24 4 25 10 26 1 27 7 28 20 29 15 30 18 31 27 32 0 33 2 34 10 35 11 36 2 37 33 38 23 39 10 40 21 41 14 42 32 43 0 44 
42
0 1 1 2 0 3 3 4 0 5 1 6 6 7 2 8 7 9 0 10 5 11 10 12 1 13 12 14 11 15 3 16 9 17 2 18 5 19 17 20 4 21 8 22 5 23 8 24 9 25 7 26 7 27 3 28 6 29 17 30 7 31 31 32 32 33 30 34 26 35 32 36 2 37 37 38 9 39 35 40 7 41 
56
0 1 0 2 2 3 1 4 2 5 2 6 1 7 2 8 6 9 0 10 0 11 2 12 10 13 7 14 11 15 6 16 13 17 8 18 9 19 5 20 4 21 5 22 1 23 1 24 15 25 24 26 18 27 1 28 3 29 25 30 19 31 24 32 8 33 4 34 26 35 1 36 2 37 34 38 17 39 38 40 29 41 25 42 28 43 6 44 25 45 8 46 27 47 22 48 14 49 5 50 50 51 41 52 43 53 12 54 4 55 
50
0 1 0 2 0 3 3 4 3 5 3 6 4 7 6 8 8 9 2 10 8 11 11 12 10 13 2 14 14 15 13 16 15 17 12 18 9 19 9 20 4 21 13 22 20 23 2 24 5 25 11 26 9 27 16 28 16 29 7 30 4 31 31 32 28 33 14 34 30 35 10 36 6 37 35 38 9 39 27 40 7 41 14 42 4 43 25 44 14 45 18 46 42 47 34 48 43 49 
19
0 1 1 2 0 3 3 4 0 5 4 6 2 7 6 8 6 9 1 10 6 11 10 12 1 13 12 14 7 15 14 16 12 17 0 18 
16
0 1 1 2 0 3 1 4 1 5 3 6 6 7 4 8 3 9 3 10 1 11 11 12 1 13 2 14 2 15 
73
0 1 1 2 2 3 2 4 0 5 4 6 4 7 5 8 8 9 6 10 5 11 6 12 3 13 5 14 13 15 13 16 1 17 13 18 5 19 11 20 3 21 18 22 6 23 19 24 17 25 1 26 15 27 20 28 9 29 27 30 24 31 1 32 17 33 2 34 12 35 19 36 12 37 22 38 8 39 21 40 12 41 26 42 39 43 25 44 23 45 23 46 17 47 24 48 30 49 5 50 5 51 30 52 42 53 22 54 21 55 14 56 22 57 52 58 50 59 25 60 47 61 32 62 29 63 8 64 1 65 37 66 35 67 9 68 19 69 30 70 60 71 2 72 
81
0 1 1 2 1 3 0 4 4 5 4 6 0 7 7 8 2 9 1 10 1 11 0 12 2 13 8 14 10 15 15 16 14 17 4 18 7 19 19 20 6 21 5 22 12 23 6 24 23 25 3 26 22 27 3 28 1 29 24 30 12 31 31 32 21 33 0 34 24 35 12 36 33 37 23 38 16 39 6 40 3 41 37 42 29 43 8 44 17 45 23 46 29 47 21 48 42 49 9 50 16 51 18 52 7 53 44 54 33 55 11 56 12 57 50 58 55 59 18 60 6 61 57 62 50 63 44 64 35 65 36 66 34 67 9 68 2 69 31 70 46 71 38 72 36 73 17 74 32 75 66 76 71 77 75 78 20 79 24 80 
24
0 1 0 2 2 3 0 4 0 5 5 6 5 7 6 8 3 9 8 10 1 11 1 12 4 13 3 14 7 15 4 16 8 17 1 18 0 19 9 20 16 21 8 22 1 23 
87
0 1 1 2 0 3 0 4 4 5 1 6 6 7 2 8 1 9 9 10 10 11 5 12 11 13 2 14 1 15 4 16 15 17 13 18 15 19 3 20 12 21 3 22 5 23 22 24 1 25 17 26 20 27 2 28 5 29 10 30 2 31 29 32 7 33 13 34 12 35 34 36 17 37 7 38 23 39 21 40 15 41 0 42 29 43 34 44 29 45 21 46 26 47 27 48 32 49 15 50 37 51 13 52 28 53 35 54 41 55 20 56 44 57 16 58 44 59 49 60 38 61 19 62 6 63 39 64 48 65 5 66 8 67 19 68 63 69 34 70 61 71 48 72 48 73 49 74 62 75 71 76 65 77 64 78 9 79 37 80 23 81 68 82 18 83 65 84 2 85 42 86 
79
0 1 1 2 1 3 1 4 1 5 1 6 1 7 7 8 0 9 7 10 7 11 11 12 10 13 12 14 12 15 4 16 15 17 2 18 14 19 18 20 9 21 19 22 3 23 4 24 3 25 6 26 13 27 4 28 6 29 6 30 28 31 18 32 32 33 4 34 18 35 7 36 13 37 1 38 23 39 14 40 12 41 16 42 36 43 25 44 11 45 40 46 20 47 16 48 29 49 12 50 16 51 14 52 17 53 48 54 19 55 25 56 29 57 36 58 39 59 15 60 60 61 17 62 26 63 59 64 29 65 15 66 45 67 60 68 61 69 60 70 31 71 42 72 12 73 67 74 72 75 59 76 76 77 19 78 
76
0 1 1 2 0 3 0 4 0 5 3 6 2 7 1 8 3 9 3 10 4 11 1 12 7 13 4 14 10 15 0 16 8 17 7 18 5 19 4 20 18 21 16 22 4 23 9 24 3 25 9 26 20 27 20 28 3 29 18 30 6 31 11 32 5 33 15 34 23 35 27 36 27 37 31 38 23 39 38 40 27 41 37 42 11 43 25 44 3 45 35 46 4 47 26 48 7 49 5 50 4 51 8 52 1 53 25 54 54 55 21 56 54 57 39 58 23 59 32 60 25 61 33 62 8 63 40 64 56 65 65 66 42 67 38 68 45 69 31 70 38 71 46 72 6 73 71 74 3 75 
22
0 1 0 2 1 3 2 4 0 5 0 6 0 7 0 8 0 9 6 10 6 11 7 12 1 13 11 14 10 15 8 16 3 17 12 18 4 19 14 20 3 21 
52
0 1 0 2 2 3 1 4 1 5 4 6 1 7 2 8 0 9 0 10 4 11 2 12 3 13 2 14 10 15 10 16 1 17 17 18 0 19 13 20 3 21 18 22 3 23 7 24 11 25 7 26 13 27 23 28 27 29 1 30 27 31 0 32 0 33 12 34 18 35 3 36 4 37 3 38 3 39 39 40 9 41 2 42 34 43 1 44 37 45 28 46 39 47 46 48 10 49 24 50 13 51 
40
0 1 1 2 0 3 0 4 0 5 0 6 1 7 4 8 5 9 8 10 6 11 11 12 5 13 10 14 9 15 8 16 3 17 4 18 3 19 10 20 13 21 3 22 0 23 3 24 6 25 1 26 17 27 23 28 15 29 6 30 12 31 30 32 15 33 23 34 21 35 28 36 10 37 24 38 29 39 
45
0 1 1 2 1 3 1 4 4 5 4 6 3 7 5 8 0 9 1 10 7 11 3 12 3 13 11 14 9 15 1 16 5 17 16 18 11 19 11 20 4 21 21 22 15 23 8 24 9 25 4 26 17 27 1 28 5 29 1 30 0 31 11 32 3 33 23 34 22 35 14 36 18 37 21 38 3 39 22 40 1 41 40 42 0 43 16 44 
62
0 1 0 2 1 3 0 4 2 5 1 6 2 7 1 8 1 9 1 10 3 11 5 12 3 13 10 14 5 15 11 16 13 17 15 18 4 19 13 20 18 21 18 22 18 23 12 24 21 25 4 26 23 27 25 28 28 29 21 30 21 31 13 32 1 33 32 34 2 35 0 36 12 37 18 38 14 39 34 40 37 41 15 42 14 43 21 44 19 45 26 46 33 47 21 48 11 49 14 50 28 51 46 52 24 53 26 54 39 55 17 56 15 57 1 58 40 59 38 60 23 61 
67
0 1 0 2 0 3 1 4 3 5 2 6 4 7 0 8 8 9 2 10 8 11 0 12 3 13 0 14 6 15 3 16 13 17 1 18 17 19 13 20 3 21 16 22 1 23 4 24 22 25 10 26 7 27 13 28 12 29 26 30 20 31 3 32 20 33 1 34 2 35 23 36 20 37 33 38 11 39 22 40 24 41 8 42 18 43 32 44 39 45 37 46 36 47 21 48 12 49 0 50 30 51 0 52 9 53 39 54 34 55 44 56 35 57 39 58 33 59 53 60 21 61 22 62 20 63 17 64 63 65 39 66 
41
0 1 1 2 0 3 3 4 3 5 0 6 6 7 7 8 3 9 5 10 2 11 10 12 7 13 5 14 2 15 15 16 16 17 6 18 3 19 4 20 17 21 13 22 18 23 15 24 15 25 22 26 23 27 22 28 18 29 15 30 13 31 27 32 10 33 8 34 33 35 33 36 29 37 23 38 16 39 34 40 
15
0 1 1 2 2 3 0 4 4 5 1 6 0 7 1 8 5 9 3 10 5 11 9 12 11 13 6 14 
87
0 1 0 2 1 3 1 4 1 5 1 6 5 7 6 8 0 9 5 10 1 11 6 12 10 13 1 14 8 15 2 16 6 17 4 18 1 19 10 20 3 21 11 22 22 23 21 24 24 25 13 26 22 27 7 28 4 29 2 30 9 31 21 32 12 33 12 34 21 35 31 36 30 37 0 38 7 39 14 40 16 41 20 42 4 43 42 44 17 45 26 46 32 47 45 48 26 49 37 50 42 51 15 52 52 53 33 54 15 55 15 56 39 57 26 58 34 59 56 60 57 61 40 62 35 63 62 64 46 65 7 66 60 67 23 68 34 69 7 70 70 71 51 72 18 73 28 74 39 75 67 76 73 77 41 78 14 79 28 80 22 81 70 82 66 83 14 84 10 85 76 86 
2
0 1 
66
0 1 1 2 1 3 0 4 2 5 4 6 6 7 7 8 3 9 5 10 7 11 7 12 5 13 10 14 14 15 9 16 4 17 1 18 15 19 13 20 1 21 8 22 7 23 16 24 4 25 19 26 18 27 6 28 4 29 1 30 25 31 21 32 3 33 11 34 33 35 21 36 2 37 29 38 3 39 1 40 19 41 22 42 17 43 42 44 12 45 8 46 15 47 17 48 40 49 9 50 7 51 43 52 49 53 2 54 8 55 45 56 52 57 35 58 39 59 4 60 12 61 33 62 56 63 24 64 28 65 
7
0 1 1 2 0 3 2 4 3 5 3 6 
69
0 1 0 2 1 3 0 4 2 5 4 6 4 7 4 8 2 9 8 10 1 11 10 12 8 13 12 14 3 15 3 16 1 17 14 18 13 19 11 20 20 21 6 22 20 23 2 24 22 25 22 26 7 27 10 28 22 29 19 30 8 31 16 32 26 33 24 34 8 35 13 36 24 37 20 38 4 39 20 40 17 41 37 42 23 43 13 44 41 45 43 46 28 47 5 48 14 49 5 50 20 51 39 52 10 53 23 54 35 55 1 56 48 57 44 58 54 59 45 60 7 61 9 62 10 63 5 64 21 65 15 66 59 67 47 68 
28
0 1 1 2 2 3 0 4 3 5 1 6 1 7 3 8 8 9 3 10 2 11 3 12 8 13 2 14 13 15 1 16 16 17 16 18 14 19 6 20 1 21 20 22 8 23 5 24 0 25 23 26 8 27 
82
0 1 1 2 0 3 0 4 4 5 3 6 1 7 7 8 5 9 5 10 9 11 7 12 2 13 7 14 4 15 6 16 4 17 14 18 15 19 0 20 1 21 15 22 5 23 14 24 22 25 21 26 23 27 18 28 5 29 25 30 28 31 9 32 17 33 32 34 2 35 15 36 9 37 26 38 29 39 3 40 25 41 10 42 25 43 8 44 21 45 40 46 43 47 22 48 46 49 36 50 27 51 7 52 7 53 7 54 48 55 1 56 14 57 51 58 41 59 34 60 8 61 44 62 0 63 49 64 17 65 65 66 55 67 19 68 44 69 16 70 59 71 29 72 66 73 60 74 30 75 56 76 45 77 75 78 31 79 22 80 43 81 
66
0 1 1 2 2 3 3 4 0 5 3 6 0 7 3 8 2 9 6 10 4 11 7 12 6 13 13 14 0 15 3 16 7 17 15 18 12 19 14 20 12 21 12 22 9 23 1 24 19 25 22 26 3 27 23 28 25 29 13 30 9 31 18 32 9 33 12 34 29 35 31 36 29 37 25 38 9 39 19 40 28 41 20 42 27 43 43 44 13 45 26 46 38 47 13 48 7 49 28 50 22 51 30 52 38 53 5 54 1 55 48 56 42 57 16 58 21 59 12 60 38 61 1 62 56 63 34 64 63 65 
4
0 1 1 2 2 3 
64
0 1 1 2 2 3 2 4 3 5 3 6 3 7 1 8 6 9 8 10 2 11 2 12 1 13 7 14 5 15 7 16 13 17 9 18 5 19 5 20 3 21 3 22 13 23 9 24 5 25 20 26 12 27 2 28 0 29 8 30 28 31 4 32 32 33 10 34 3 35 18 36 3 37 1 38 22 39 14 40 3 41 16 42 4 43 5 44 1 45 41 46 39 47 11 48 30 49 23 50 11 51 12 52 45 53 18 54 17 55 38 56 39 57 6 58 35 59 7 60 2 61 14 62 41 63 
15
0 1 0 2 2 3 0 4 4 5 0 6 2 7 3 8 6 9 7 10 2 11 10 12 9 13 0 14 
62
0 1 1 2 0 3 1 4 0 5 2 6 4 7 5 8 5 9 2 10 10 11 4 12 6 13 0 14 3 15 9 16 1 17 10 18 11 19 17 20 11 21 9 22 17 23 7 24 2 25 25 26 26 27 18 28 23 29 18 30 5 31 28 32 13 33 27 34 32 35 29 36 5 37 8 38 3 39 20 40 4 41 28 42 42 43 7 44 25 45 40 46 33 47 26 48 37 49 27 50 8 51 34 52 4 53 10 54 12 55 10 56 31 57 48 58 12 59 5 60 22 61 
86
0 1 0 2 2 3 3 4 1 5 4 6 1 7 1 8 2 9 5 10 0 11 11 12 11 13 7 14 0 15 8 16 16 17 3 18 10 19 4 20 14 21 10 22 19 23 0 24 13 25 2 26 1 27 25 28 27 29 27 30 14 31 22 32 22 33 31 34 6 35 28 36 14 37 20 38 20 39 29 40 15 41 41 42 10 43 19 44 8 45 19 46 8 47 31 48 2 49 24 50 50 51 23 52 9 53 6 54 48 55 45 56 32 57 40 58 31 59 43 60 42 61 49 62 38 63 46 64 25 65 63 66 50 67 53 68 58 69 22 70 31 71 11 72 26 73 3 74 74 75 42 76 54 77 63 78 8 79 39 80 17 81 49 82 60 83 68 84 35 85 
31
0 1 1 2 1 3 0 4 3 5 2 6 2 7 5 8 2 9 1 10 7 11 3 12 9 13 4 14 1 15 10 16 10 17 15 18 12 19 6 20 16 21 10 22 3 23 22 24 4 25 21 26 8 27 5 28 20 29 24 30 
13
0 1 1 2 0 3 1 4 2 5 5 6 2 7 5 8 1 9 9 10 3 11 8 12 
