9
3 12 22 14 2 5 16 13 10 
22

7
2 7 6 1 8 4 6 
8

4
49 41 14 25 
51

3
16 1 4 
24

10
2 3 2 2 3 5 4 4 6 2 
6

8
17 4 8 7 6 2 10 10 
20

3
13 32 16 
32

3
18 36 34 
39

10
11 7 10 12 16 2 16 2 2 12 
17

6
56 82 33 34 81 20 
95

5
9 1 2 5 5 
10

7
14 5 6 12 13 17 11 
23

2
2 3 
3

7
38 20 22 10 43 4 24 
43

4
6 10 17 15 
24

4
73 17 41 61 
100

10
47 67 10 20 61 18 13 80 66 35 
80

2
25 4 
26

5
68 30 50 2 12 
73

10
2 2 3 4 1 3 4 1 4 4 
4

8
20 37 23 13 41 15 11 33 
48

3
10 10 13 
28

4
17 34 44 41 
49

4
14 25 24 8 
30

4
17 9 15 25 
26

