[63,49,2,24,1,14,9,78,88,48,83,99,49,88,75,63,89,1,54,13,52,87,null,null,null,null,null,null,null,null,null]
[5,45,73,74,69,92,48,42,18,5,97,53,40,25,28,33,39,null,null,null,null,null,null,null,null,null,null,null,null,null,null]
[79,10,53,29,97,88,44,73,4,null,null,null,null,null,null]
[44,99,6,45,16,89,null]
[59,57,22,10,73,42,73,6,14,76,59,13,80,34,62,83,8,87,50,23,98,64,45,94,61,94,37,79,36,73,null]
[16,61,48,75,42,42,40,53,65,16,77,51,33,40,null]
[54,63,94,77,89,3,72,40,5,10,17,4,70,92,85,78,1,44,29,33,12,2,null,null,null,null,null,null,null,null,null]
[39,43,30,94,44,90,90,37,32,57,89,83,68,80,44,63,11,43,95,38,80,40,5,30,6,33,10,10,76,83,null]
[58,39,95,5,47,81,null]
[37,50,12,20,75,42,61,30,43,67,80,91,77,83,62,19,41,72,93,42,42,23,69,null,null,null,null,null,null,null,null]
[56,73,null]
[21,94,37,1,34,70,null]
[69,47,33,9,21,49,61,37,5,97,35,94,36,77,80,46,49,44,47,24,null,null,null,null,null,null,null,null,null,null,null]
[100,35,92,6,86,84,93]
[54,1,56]
[49,83,14,68,14,70,31,16,39,49,4,96,61,96,55,32,71,94,35,null,null,null,null,null,null,null,null,null,null,null,null]
[12,56,57,89,18,89,59,90,11,92,29,38,14,39,64,61,null,null,null,null,null,null,null,null,null,null,null,null,null,null,null]
[59,82,1,32,97,30,82,89,23,53,55,21,45,41,85,41,81,46,37,85,11,1,34,88,66,29,null,null,null,null,null]
[2,24,8,92,8,null,null]
[78,72,51,2,3,85,95,80,88,100,49,93,46,null,null]
