[1,null,2,3]
[]
[1]
[1,2,3]
[5,4,7,3,null,2,null,-1,null,9]
[12,-32,23,56,null,3,18,null,17]
[100,2,61,42,34,3,7,null,-100]
[25,null,100,78,75,3,null,null,50]
[25,28,15,3,null,null,50, 19,40,39,94,null,82,11,null,23]
[9,17,15,3,null,null,33, 63,4,31,8,77,92,10,null,1]
[89,31,8,77,92,10,null,1]
[50, 19,40,39,94,null,82,11,null,23,17,15,3,null,null,33, 63,4,31,8,77,92,10,null,1]
[11,7,23,17,null,33,8,10,null,1,63,4,31]
[12,-32,23,56,null,3,18,null,17,2,61,5,4,7,3,null,2,null,-1,42,34,3,7,null,-100]
[19,31,8,77,92,10,null,9,17,15,3,null,null,33, 63,4,31,8,77,92,10,null,39,94,null,82,11,null,23,17,15,3,null,null,33, 63,4,31,8,77,92,10,null,1,33,8,10,null,1,63,4,31]
[6,9,1,8,2,8,61,null,5,null,3]
[1,2,3,4,5,6,7,8,9,10,11,12,13,14,15]
[15,21,32,43,54,65,76,87,98,100,1,2,3,4,5]
[1,21,32,43,null,65,null,87,98,null,100,2,3,4,5]