20
[66]
[21,15,98,65,30,6,36,90,77,95,34,null,null,null,null]
[3,41,16,62,27,70,18,37,41,53,54,81,92,40,83,65,35,10,57,60,38,53,67,35,26,79,null,null,null,null,null]
[27,41,71,27,96,9,70,1,56,83,80,81,79,null,null]
[75,8,83,34,100,49,35,65,98,81,53,59,32,12,3,75,79,38,30,47,89,20,18,99,58,14,2,84,null,null,null]
[86,8,66,51,76,76,62,64,59,53,41,14,13,58,67]
[87,65,42,38,73,18,63,34,80,42,66,47,79,7,35,95,73,47,90,52,34,53,30,null,null,null,null,null,null,null,null]
[89,3,5,16,98,85,69,45,14,26,null,null,null,null,null]
[50,49,null]
[5,34,86,87,79,62,26]
[85,98,75,48,51,12,46,73,98,4,7,6,25,15,77,69,42,2,61,null,null,null,null,null,null,null,null,null,null,null,null]
[28,17,84,5,43,44,81,78,80,59,15,73,8,70,null]
[33,5,1,33,6,55,94,31,52,21,88,23,44,78,87,48,100,12,null,null,null,null,null,null,null,null,null,null,null,null,null]
[77,48,75,76,null,null,null]
[13,67,58,100,2,null,null]
[35,58,26,85,66,16,24,29,3,41,55,null,null,null,null]
[45,44,24,92,9,85,29,98,34,87,91,65,54,59,85,64,54,33,91,89,15,47,6,29,67,35,74,16,48,null,null]
[57,8,76,77,82,80,26,39,13,4,8,55,99,64,96,43,54,28,27,18,21,80,null,null,null,null,null,null,null,null,null]
[7,73,59,25,96,17,30,3,27,93,36,15,24,42,32,51,8,53,85,62,9,53,97,39,93,13,85,46,null,null,null]
[74,93,97,40,79,81,97,69,52,37,39,2,66,97,44,95,45,91,20,50,7,40,85,37,17,6,84,43,null,null,null]
