[1,3,2]
[5,4,3,2,1]
[10,3,8,9,4]
[8]
[2,1,3]
[3,4,5,9,2,7]
[56,17,12,3,23,18]
[42,2,34,100,3,61,7]
[25,39,78,100,75,50]
[19,82,3,11,40,28,25,15,23,39,50,94]
[77,63,92,3,10,4,17,9,15,1,31,33,8]
[1,77,31,92,89,10,8]
[11,39,19,33,1,23,63,94,4,17,31,50,40,8,15,77,82,92,3,10]
[10,17,7,11,1,33,63,23,4,8,31]
[56,7,100,17,32,12,22,3,61,23,42,5,34,18,4,37]
[33,91,39,9,94,98,63,82,1,11,31,8,23,19,17,81,15,41,3,77,92,93,4,29,10,78]
[8,5,9,2,3,6,89,1,61]
[8,4,9,2,10,5,11,1,12,6,13,3,14,7,15]
[87,43,98,21,100,54,1,15,2,65,3,32,4,76,5]
[2,87,3,43,4,98,5,21,1,65,100,32]