28
529 538 109 579 729 130 54 613 283 682 51 834 629 796 479 730 888 790 373 175 473 686 881 722 650 284 310 752 

12
206 847 271 833 618 252 651 739 274 197 933 973 

22
483 582 331 457 376 754 869 496 839 763 478 301 18 336 487 266 666 161 821 624 518 249 

23
85 162 919 902 850 701 864 167 268 261 1 328 162 625 391 350 602 383 113 121 21 801 98 

10
132 788 684 207 858 420 751 74 947 333 

34
627 415 138 904 145 262 7 823 560 296 127 702 212 733 942 825 81 120 684 743 742 62 248 54 690 378 698 218 253 583 953 564 160 40 

17
58 678 179 129 470 913 703 682 530 485 626 911 294 920 503 401 66 

16
297 10 712 658 652 13 839 878 723 418 816 282 870 481 72 148 

35
980 734 562 627 883 703 172 454 631 6 149 112 32 940 330 120 417 675 808 684 540 833 380 104 705 622 69 942 615 408 924 896 583 310 444 

50
475 635 500 275 592 309 293 222 614 121 12 305 415 891 512 870 663 772 555 404 534 355 654 993 7 711 158 408 849 748 709 385 195 603 39 677 575 715 446 213 92 685 778 958 954 260 485 896 574 378 

11
842 224 422 821 656 41 137 468 148 163 961 

44
383 122 754 255 450 171 2 739 351 576 312 88 334 940 426 560 283 565 933 278 15 116 633 174 416 792 61 193 949 463 23 196 663 713 436 990 738 479 423 225 721 201 201 533 

38
434 63 302 274 793 202 410 47 226 358 799 767 399 413 25 42 438 286 328 922 800 339 416 787 13 960 475 387 664 677 204 35 604 518 442 510 467 367 

34
648 674 435 434 274 462 414 959 228 168 408 851 106 928 861 212 810 300 251 369 322 127 379 868 510 569 653 809 297 70 575 872 144 801 

30
476 976 775 550 39 381 679 959 990 706 241 760 404 786 586 43 156 222 664 541 967 242 387 761 616 777 429 86 499 175 

12
654 154 521 33 234 527 570 616 767 46 126 412 

12
261 643 997 517 450 848 69 55 201 987 649 421 

28
80 42 816 704 646 597 925 889 744 404 751 260 286 634 55 389 979 357 843 28 442 359 424 966 470 449 526 655 

46
50 103 490 309 997 611 111 820 230 541 18 965 738 584 907 693 789 338 308 48 455 113 30 475 483 860 471 295 659 494 906 206 159 404 891 374 435 487 271 962 891 556 515 51 343 581 

50
192 722 275 107 723 719 146 927 526 835 879 830 801 119 717 851 502 84 536 543 757 218 867 991 574 777 476 712 800 496 853 557 545 250 711 28 70 613 43 962 108 308 816 425 948 493 487 573 89 933 

26
661 492 509 877 619 784 303 466 719 940 341 78 282 589 187 188 94 117 43 591 854 694 94 970 95 527 

9
545 609 670 670 402 381 953 529 443 

13
198 2 652 287 138 98 306 246 139 373 692 909 843 

46
586 144 459 81 891 266 473 4 311 434 582 539 577 366 212 909 584 10 440 189 641 170 392 73 881 46 399 412 885 630 460 862 9 763 696 802 745 101 230 917 608 21 246 868 538 477 

21
267 355 917 648 852 423 68 163 521 316 370 404 560 490 797 355 74 983 611 374 429 

35
752 694 636 617 731 821 740 379 120 909 839 99 549 670 529 416 933 23 620 644 70 177 402 34 804 281 801 989 930 809 944 558 149 663 522 

31
280 649 799 34 551 4 306 614 172 286 910 217 139 320 495 56 680 241 753 735 189 523 18 555 201 117 676 39 699 274 698 

6
600 121 760 936 36 604 

16
398 868 380 111 800 530 303 51 242 608 524 677 890 385 972 914 

5
622 459 27 550 53 

28
68 491 215 149 134 178 488 944 857 960 885 973 368 734 916 156 286 677 133 192 757 337 767 549 745 632 554 959 

25
618 372 748 374 511 752 910 60 480 277 613 99 258 1000 690 178 779 758 524 928 261 210 501 324 702 

45
915 174 600 281 23 155 469 681 869 564 839 138 315 509 655 941 963 778 299 484 215 766 920 435 667 56 97 554 168 352 847 505 354 144 704 378 225 425 794 899 295 357 400 712 799 

9
362 543 200 1 967 174 2 797 769 

28
586 191 887 437 641 320 972 400 125 479 861 740 831 885 586 334 706 293 171 680 801 196 591 684 655 338 785 709 

39
68 878 317 565 16 798 650 687 68 147 820 154 252 415 790 391 697 556 898 401 602 428 862 580 958 994 583 319 667 73 465 684 500 29 240 115 292 869 825 

50
480 52 22 796 848 640 690 451 184 354 394 130 769 170 226 708 660 870 472 536 980 750 969 220 242 285 515 506 688 672 114 956 900 554 35 160 406 208 729 631 31 47 627 212 292 287 991 98 471 802 

25
276 946 909 719 406 145 908 591 658 303 680 138 209 690 111 991 198 6 639 368 292 7 648 234 221 

47
108 890 161 865 110 524 808 929 822 262 733 486 951 124 111 213 861 709 527 820 732 36 879 215 649 112 436 985 529 797 843 323 876 393 151 944 303 476 819 317 625 628 304 817 151 575 473 

41
595 129 177 797 403 874 890 783 872 538 326 413 103 792 776 357 342 415 53 988 665 683 795 985 296 228 378 313 977 547 81 615 853 640 895 565 959 542 326 32 119 

25
910 180 661 301 506 40 636 382 903 390 877 103 390 330 321 480 933 441 800 609 992 234 331 508 506 

15
216 109 402 920 195 424 926 123 915 732 902 378 525 468 631 

34
524 852 203 381 777 707 369 824 147 336 853 274 809 584 576 840 745 540 605 662 580 94 72 415 911 426 60 902 238 340 405 651 931 898 

20
644 559 849 748 828 854 764 770 746 182 957 613 463 347 583 759 930 343 713 814 

39
761 70 470 446 919 404 567 69 249 256 307 65 728 908 646 452 929 264 630 163 453 530 405 201 889 264 991 438 824 200 867 101 363 646 114 489 741 872 406 

39
927 280 369 437 799 553 663 626 360 383 27 21 424 283 670 92 43 951 804 814 413 371 561 361 678 10 191 715 522 623 244 281 189 449 846 777 572 774 951 

20
256 688 46 265 767 254 540 476 932 239 339 827 539 426 642 969 899 294 693 381 

28
720 486 456 483 519 111 187 264 940 53 48 634 262 76 19 195 688 72 209 989 142 650 983 392 111 226 462 650 

48
830 348 978 452 953 854 445 550 13 615 60 815 835 121 805 602 49 567 960 835 585 846 808 377 133 554 366 308 293 423 551 837 469 57 241 951 72 778 563 346 779 886 471 374 794 694 705 759 

20
94 401 322 962 958 550 404 955 989 734 497 346 199 924 126 246 86 208 259 378 

20
688 267 158 154 403 118 348 626 488 134 709 46 459 283 722 592 658 881 78 813 

49
721 564 575 239 140 52 300 401 7 907 662 173 16 62 719 907 216 60 759 344 248 249 467 265 110 61 102 952 279 143 91 529 837 492 189 236 16 77 345 436 643 755 305 386 234 785 997 822 549 

6
822 211 170 920 590 124 

26
460 171 980 411 650 260 810 182 892 934 443 686 168 254 999 492 224 334 407 986 725 705 67 191 265 93 

31
527 230 404 265 293 413 419 824 84 324 338 134 667 21 32 724 574 724 723 172 480 532 455 859 679 620 700 425 586 696 479 

16
310 520 721 56 974 462 815 806 324 366 34 787 464 285 800 891 

37
499 86 253 349 232 916 941 157 239 735 718 300 791 106 753 43 649 818 891 199 965 889 927 824 48 58 251 686 522 932 398 682 641 691 707 894 525 

8
948 322 352 712 584 199 790 379 

39
580 515 42 124 625 193 868 386 909 834 545 704 462 155 777 450 112 259 891 258 362 471 708 300 413 727 440 35 989 957 999 133 846 481 796 192 435 167 696 

10
598 352 351 230 707 807 163 329 636 810 

24
640 445 653 755 889 851 776 965 988 376 280 150 366 471 299 897 947 169 698 90 304 804 552 10 

31
314 912 908 797 45 311 900 953 792 454 560 953 935 961 276 127 274 780 570 122 186 951 968 6 696 735 881 710 144 241 611 

27
818 293 844 90 488 748 748 775 120 126 251 749 60 357 978 283 722 366 844 160 731 880 153 364 313 992 530 

39
606 290 820 36 184 331 567 250 409 401 639 973 643 145 761 761 253 484 766 561 539 238 292 820 978 869 825 625 215 870 752 531 281 934 306 716 953 309 902 

37
149 552 260 53 168 673 607 465 825 317 128 454 517 856 214 58 830 835 304 379 341 922 247 425 425 807 978 121 12 907 231 851 476 135 84 232 127 

26
453 220 188 565 773 24 941 394 54 452 601 698 533 853 426 318 64 589 434 728 65 903 994 248 273 794 

43
370 728 360 979 450 958 738 549 464 900 503 599 367 79 623 372 877 753 251 6 304 637 920 61 492 779 657 330 457 383 94 616 24 44 641 34 996 948 572 452 501 982 671 

20
463 364 45 87 630 209 98 622 352 486 728 683 641 161 22 690 456 678 704 613 

26
1 394 729 916 356 288 257 736 838 942 113 530 6 997 622 85 745 450 349 27 489 597 292 532 311 262 

35
449 187 687 396 899 99 530 389 976 679 713 695 194 711 543 860 645 59 28 720 511 776 453 257 362 160 425 91 360 919 203 828 682 770 439 

6
184 395 71 382 309 134 

6
812 638 848 26 245 440 

47
79 6 30 8 281 557 862 124 777 548 178 507 878 758 978 894 470 718 173 122 19 334 563 498 48 286 759 620 986 555 75 832 184 138 118 406 453 235 314 956 665 605 487 836 471 981 316 

10
39 439 543 434 904 527 307 857 946 114 

42
812 951 922 623 628 488 98 564 183 442 995 766 315 823 970 650 4 542 317 368 709 265 792 108 221 200 907 195 712 991 803 257 262 711 240 889 685 913 831 572 935 227 

41
351 953 613 866 605 296 52 238 133 68 552 731 779 251 499 157 935 837 186 801 293 632 736 836 899 152 503 441 843 142 570 352 421 575 533 824 744 24 573 303 31 

40
37 406 92 276 234 811 523 693 356 878 963 133 631 383 613 728 677 139 572 801 215 573 243 850 432 796 750 11 293 195 521 655 994 787 955 251 505 474 860 222 

16
69 328 499 98 836 478 361 861 202 8 834 85 354 883 179 628 

33
71 135 208 565 739 975 953 656 59 563 802 989 738 904 564 102 605 119 372 126 810 639 635 762 42 407 499 418 239 355 478 318 397 

28
672 161 340 568 746 410 346 154 253 905 731 932 637 2 800 843 833 621 842 357 937 354 287 67 872 492 572 802 

21
457 134 631 335 671 717 607 761 855 414 104 268 897 17 539 592 130 806 196 676 988 

42
408 823 705 472 352 812 41 278 984 1000 96 909 200 165 218 769 705 596 979 136 620 458 796 943 951 441 792 730 288 160 560 992 366 395 328 282 612 32 332 882 84 971 

24
611 874 259 613 729 689 671 435 994 356 126 71 321 544 891 730 155 218 181 818 374 589 344 582 

45
672 246 81 303 678 521 21 277 731 870 841 507 643 167 418 39 662 275 658 538 618 678 711 326 920 550 265 247 772 49 241 276 956 631 231 494 830 184 713 400 666 696 800 966 592 

26
220 458 78 963 597 473 441 719 931 665 874 599 197 877 587 205 334 689 844 84 156 198 652 572 533 447 

22
301 910 36 641 160 824 857 760 379 651 174 28 409 780 150 908 354 734 981 94 381 328 

40
563 498 715 123 417 139 223 407 271 986 583 993 655 686 729 552 654 470 721 613 889 35 29 689 712 986 979 410 914 637 321 784 115 73 186 946 773 104 418 219 

10
662 898 846 822 358 339 246 886 621 771 

43
443 725 730 328 527 972 692 734 837 396 468 104 750 805 288 431 215 97 713 351 839 624 310 187 27 516 961 628 876 404 813 245 863 51 509 636 720 197 887 520 602 158 266 

21
553 363 716 394 372 562 621 887 565 664 286 566 833 932 107 113 37 923 649 105 396 

46
66 912 226 609 327 400 358 657 41 567 64 921 679 723 199 630 384 284 537 659 692 972 588 923 92 712 477 362 161 922 108 9 873 706 765 401 200 207 41 13 775 405 805 310 204 482 

19
352 722 431 895 643 423 439 798 693 492 959 728 363 690 188 400 573 892 207 

27
397 145 110 219 294 131 793 715 913 533 558 208 397 291 757 226 231 697 124 104 162 59 461 570 686 562 295 

32
451 116 164 688 552 475 376 655 88 910 519 883 304 716 933 114 176 953 6 847 154 749 294 222 485 834 307 228 433 629 756 560 

20
544 322 217 49 156 82 893 4 852 470 732 941 45 647 606 314 918 368 94 568 

5
313 213 692 14 4 

5
425 912 918 487 10 

41
576 800 883 610 229 960 390 719 719 70 337 676 337 982 105 295 367 164 991 925 27 58 520 981 582 497 600 994 481 704 870 528 984 320 276 886 698 864 986 621 871 

37
966 299 64 285 265 52 945 990 456 381 642 483 7 164 195 215 955 49 812 619 807 726 710 962 90 832 132 469 374 416 374 67 693 613 43 148 799 

37
492 800 451 414 405 613 424 651 233 100 805 773 395 808 286 441 956 447 358 922 960 61 309 701 153 191 964 810 133 333 380 68 401 871 695 836 928 

